| scipy_cg          | ARGLINA    | 1000   | 0.026630401611328125   | 1      | 99.9999995709107         | 4.671324091432005e-13   | 5        | 5        | nan      | nan       | nan      |
| scipy_cg          | ARGLINB    | 1000   | 0.06042194366455078    | 2      | 274.62516947342493       | 95.4438292235136        | 20       | 8        | nan      | nan       | nan      |
| scipy_cg          | ARGLINC    | 1000   | 0.0408017635345459     | 1      | 5.597146795226573e+18    | 9.936152582346093e+16   | 9        | 7        | nan      | nan       | nan      |
| scipy_cg          | ARGTRIGLS  | 1000   | 118.67250657081604     | 4186   | 2.6071759137981446e-07   | 0.0009994217028951322   | 6309     | 6309     | nan      | nan       | nan      |
| scipy_cg          | BDEXP      | 5000   | 0.009740591049194336   | 3      | 0.22091352503048564      | 0.0006528444867541963   | 11       | 11       | nan      | nan       | nan      |
| scipy_cg          | BOX        | 10000  | 0.048944950103759766   | 8      | -1864.5379264343999      | 8.625792894789708e-06   | 29       | 19       | nan      | nan       | nan      |
| scipy_cg          | BOXPOWER   | 10000  | 0.052884817123413086   | 18     | 0.04322159514292177      | 0.0008312676867627822   | 68       | 68       | nan      | nan       | nan      |
| scipy_cg          | BRATU1D    | 5001   | 12.25645661354065      | 5000   | 236622.90154208837       | 17.695838404702954      | 7564     | 7564     | nan      | nan       | nan      |
| scipy_cg          | BROWNAL    | 1000   | 0.05346274375915527    | 2      | 2.5142934326112574e-11   | 9.980023430848332e-06   | 12       | 12       | nan      | nan       | nan      |
| scipy_cg          | BROYDN3DLS | 5000   | 0.033419132232666016   | 23     | 5.670883256108654e-08    | 0.0006709753232910617   | 50       | 50       | nan      | nan       | nan      |
| scipy_cg          | BROYDNBDLS | 5000   | 0.0851430892944336     | 42     | 3.7029174066225126e-07   | 0.0008591518055118475   | 77       | 77       | nan      | nan       | nan      |
| scipy_cg          | CHEBYQAD   | 1000   | 15.130282402038574     | 1      | nan                      | nan                     | 112      | 112      | nan      | nan       | nan      |
| scipy_cg          | CHNRSNBM   | 1000   | 1.8349719047546387     | 5000   | 310.13246157380814       | 4.959356524852424       | 7650     | 7650     | nan      | nan       | nan      |
| scipy_cg          | CLPLATEA   | 4970   | 0.42186856269836426    | 232    | -0.010226048725473377    | 0.0007752643313829015   | 362      | 362      | nan      | nan       | nan      |
| scipy_cg          | CURLY30    | 10000  | 16.068464279174805     | 5000   | -1003157.2958364341      | 0.10714590912082267     | 7526     | 7526     | nan      | nan       | nan      |
| scipy_cg          | CVXBQP1    | 10000  | 2.8955798149108887     | 2182   | 4.685557588875944e-05    | 0.0009852559691833909   | 3313     | 3313     | nan      | nan       | nan      |
| scipy_cg          | CYCLIC3LS  | 100002 | 152.89630913734436     | 4624   | 0.00017020444798371336   | 0.0004591310701747643   | 10254    | 10254    | nan      | nan       | nan      |
| scipy_cg          | CYCLOOCFLS | 29996  | 38.22692155838013      | 5000   | 3164.7588420283987       | 2.8643685060736974      | 8086     | 8086     | nan      | nan       | nan      |
| scipy_cg          | CYCLOOCTLS | 29996  | 38.799103021621704     | 5000   | 3161.2499317799584       | 3.9084182190160126      | 8151     | 8151     | nan      | nan       | nan      |
| scipy_cg          | DEGDIAG    | 100001 | 0.037230491638183594   | 1      | 2.8545911667053196e-17   | 2.389377584677277e-11   | 7        | 7        | nan      | nan       | nan      |
| scipy_cg          | DEGTRID    | 100001 | 0.2769505977630615     | 16     | -99999.49998065719       | 0.0008833181027489978   | 26       | 26       | nan      | nan       | nan      |
| scipy_cg          | ARWHEAD    | 5000   | 0.008892297744750977   | 4      | 0.0                      | 7.099563652186266e-05   | 10       | 10       | nan      | nan       | nan      |
| scipy_cg          | BDQRTIC    | 5000   | 0.2539091110229492     | 97     | 20006.25688011654        | 0.0032161159811164523   | 288      | 277      | nan      | nan       | nan      |
| scipy_cg          | BROYDN7D   | 5000   | 4.007354259490967      | 1671   | 1928.2597782182363       | 0.0006466101582718875   | 2322     | 2322     | nan      | nan       | nan      |
| scipy_cg          | BRYBND     | 5000   | 0.0851447582244873     | 42     | 3.7029174066225126e-07   | 0.0008591518055118475   | 77       | 77       | nan      | nan       | nan      |
| scipy_cg          | CHAINWOO   | 4000   | 0.5144655704498291     | 375    | 4.572767279063827        | 0.0007532135923195293   | 645      | 645      | nan      | nan       | nan      |
| scipy_cg          | CLPLATEB   | 4970   | 0.03227710723876953    | 21     | -0.0007278920193861378   | 0.00048530050742673554  | 27       | 27       | nan      | nan       | nan      |
| scipy_cg          | CLPLATEC   | 4970   | 3.55717134475708       | 1876   | -0.0004573650864190589   | 0.0009964910936695924   | 2790     | 2790     | nan      | nan       | nan      |
| scipy_cg          | COSINE     | 10000  | 0.03465771675109863    | 6      | -9998.999999971813       | 0.0005963734980929045   | 20       | 20       | nan      | nan       | nan      |
| scipy_cg          | CRAGGLVY   | 5000   | 0.17285966873168945    | 73     | 1688.2153102796458       | 0.0009594531462873146   | 123      | 123      | nan      | nan       | nan      |
| scipy_cg          | CURLY10    | 10000  | 9.133325815200806      | 5000   | -1003161.822126508       | 0.01812754644101866     | 7578     | 7578     | nan      | nan       | nan      |
| scipy_cg          | CURLY20    | 10000  | 12.188185453414917     | 5000   | -1003159.841599159       | 0.11728644124408351     | 7544     | 7544     | nan      | nan       | nan      |
| scipy_cg          | DEGTRID2   | 100001 | 0.27322959899902344    | 16     | -99999.49998065719       | 0.0008833181027489978   | 26       | 26       | nan      | nan       | nan      |
| scipy_cg          | DIAGIQB    | 1000   | 0.5244488716125488     | 37     | nan                      | nan                     | 3798     | 3798     | nan      | nan       | nan      |
| scipy_cg          | DIAGIQE    | 1000   | 0.5207905769348145     | 38     | nan                      | nan                     | 3802     | 3802     | nan      | nan       | nan      |
| scipy_cg          | DIAGIQT    | 1000   | 0.5355618000030518     | 38     | nan                      | nan                     | 3898     | 3898     | nan      | nan       | nan      |
| scipy_cg          | DIAGNQB    | 1000   | 0.4868030548095703     | 34     | -3.5036359224176186e+207 | 1.0256230077987249e+104 | 3575     | 3575     | nan      | nan       | nan      |
| scipy_cg          | DIAGNQE    | 1000   | 0.48479557037353516    | 34     | -2.6324055978985805e+207 | 1.025658105838707e+104  | 3575     | 3575     | nan      | nan       | nan      |
| scipy_cg          | DIAGNQT    | 1000   | 0.4872734546661377     | 34     | -1.7559216273257573e+207 | 1.0257205970626602e+104 | 3575     | 3575     | nan      | nan       | nan      |
| scipy_cg          | DIAGPQB    | 1000   | 1.341109037399292      | 5000   | -731.8750872735875       | 1.0697013554097423      | 7520     | 7520     | nan      | nan       | nan      |
| scipy_cg          | DIAGPQE    | 1000   | 0.05599498748779297    | 209    | -3.742734855513288       | 0.0009555999859570674   | 314      | 314      | nan      | nan       | nan      |
| scipy_cg          | DIAGPQT    | 1000   | 1.3419029712677002     | 5000   | -487.75010793059454      | 5.557718082788203       | 7575     | 7575     | nan      | nan       | nan      |
| scipy_cg          | DIXMAANA1  | 3000   | 0.0037255287170410156  | 3      | 1.000063811182253        | 0.0005040157530619635   | 9        | 9        | nan      | nan       | nan      |
| scipy_cg          | DIXMAANB   | 3000   | 0.006338834762573242   | 4      | 1.000000058918983        | 0.00028021629338837757  | 11       | 11       | nan      | nan       | nan      |
| scipy_cg          | DIXMAANC   | 3000   | 0.007593870162963867   | 5      | 1.000000112020321        | 7.593038373145813e-05   | 13       | 13       | nan      | nan       | nan      |
| scipy_cg          | DIXMAAND   | 3000   | 0.007721662521362305   | 6      | 1.000000002304957        | 2.4030063860155196e-05  | 13       | 13       | nan      | nan       | nan      |
| scipy_cg          | DIXMAANE1  | 3000   | 0.058484554290771484   | 80     | 1.000293637595271        | 0.0004664158849671367   | 140      | 140      | nan      | nan       | nan      |
| scipy_cg          | DIXMAANF   | 3000   | 0.024364471435546875   | 25     | 1.001153249540459        | 0.0007719445107723447   | 42       | 42       | nan      | nan       | nan      |
| scipy_cg          | DIXMAANG   | 3000   | 0.022972822189331055   | 25     | 1.0009325862304033       | 0.0007642825009982416   | 38       | 38       | nan      | nan       | nan      |
| scipy_cg          | DIXMAANH   | 3000   | 0.01657247543334961    | 18     | 1.001578384420667        | 0.0009272359862568688   | 28       | 28       | nan      | nan       | nan      |
| scipy_cg          | DIXMAANI1  | 3000   | 0.05616307258605957    | 77     | 1.0104265594466304       | 0.000815833824496978    | 135      | 135      | nan      | nan       | nan      |
| scipy_cg          | DIXMAANJ   | 3000   | 0.031267642974853516   | 33     | 1.0014642794451045       | 0.0006161885911834703   | 53       | 53       | nan      | nan       | nan      |
| scipy_cg          | DIXMAANK   | 3000   | 0.02304530143737793    | 24     | 1.0029447279098167       | 0.0007436646636363375   | 39       | 39       | nan      | nan       | nan      |
| scipy_cg          | DIXMAANL   | 3000   | 0.019637107849121094   | 21     | 1.0026344361729271       | 0.0008139909590357533   | 33       | 33       | nan      | nan       | nan      |
| scipy_cg          | DIXMAANM1  | 3000   | 0.07396459579467773    | 104    | 1.0087088710221925       | 0.0007755623873995157   | 176      | 176      | nan      | nan       | nan      |
| scipy_cg          | DIXMAANN   | 3000   | 0.04544425010681152    | 45     | 1.0052091228452855       | 0.0009832427107214603   | 78       | 78       | nan      | nan       | nan      |
| scipy_cg          | DIXMAANO   | 3000   | 0.0479123592376709     | 51     | 1.0026122711366723       | 0.0007783483326939065   | 81       | 81       | nan      | nan       | nan      |
| scipy_cg          | DIXMAANP   | 3000   | 0.04730653762817383    | 47     | 1.0021920892789629       | 0.0008029958311002597   | 79       | 79       | nan      | nan       | nan      |
| scipy_cg          | DIXON3DQ   | 10000  | 0.3868074417114258     | 335    | 0.025846347885342926     | 0.0009048921976634317   | 495      | 495      | nan      | nan       | nan      |
| scipy_cg          | DQDRTIC    | 5000   | 0.011638402938842773   | 5      | 9.296348339871013e-21    | 1.4754930333094052e-09  | 15       | 15       | nan      | nan       | nan      |
| scipy_cg          | DQRTIC     | 5000   | 0.02144002914428711    | 15     | 0.007914195052414294     | 0.00029626844607742373  | 55       | 50       | nan      | nan       | nan      |
| scipy_cg          | EDENSCH    | 2000   | 0.01945209503173828    | 17     | 12003.284592119724       | 0.0007584877509092536   | 40       | 40       | nan      | nan       | nan      |
| scipy_cg          | EIGENALS   | 2550   | 59.70857620239258      | 5000   | 6.407860161594278        | 4.25195649914622        | 7590     | 7590     | nan      | nan       | nan      |
| scipy_cg          | EIGENBLS   | 2550   | 10.8353271484375       | 934    | 0.020488521929966027     | 0.0009330591251344478   | 1397     | 1397     | nan      | nan       | nan      |
| scipy_cg          | EIGENCLS   | 2652   | 62.99148917198181      | 5000   | 0.18657726945900474      | 0.18467028133396432     | 7510     | 7510     | nan      | nan       | nan      |
| scipy_cg          | ENGVAL1    | 5000   | 0.02591991424560547    | 12     | 5548.668419596338        | 0.0007544165683219194   | 33       | 30       | nan      | nan       | nan      |
| scipy_cg          | EXTROSNB   | 1000   | 0.012557744979858398   | 32     | 3.9866088513199527       | 0.0007844549298024295   | 64       | 64       | nan      | nan       | nan      |
| scipy_cg          | FLETBV3M   | 5000   | 0.09777164459228516    | 27     | -240711.60745686042      | 0.0008260127349760948   | 64       | 64       | nan      | nan       | nan      |
| scipy_cg          | FLETCBV2   | 5000   | 0.0012636184692382812  | 0      | -0.5002681698025546      | 7.996001439813359e-08   | 1        | 1        | nan      | nan       | nan      |
| scipy_cg          | FLETCBV3   | 5000   | 140.4192545413971      | 5000   | -3.788590141488952e+16   | 8.925858281679846       | 70033    | 70033    | nan      | nan       | nan      |
| scipy_cg          | FLETCHBV   | 5000   | 15.02997374534607      | 5000   | -1.1480915092256056e+24  | 947602444.7236078       | 7365     | 7365     | nan      | nan       | nan      |
| scipy_cg          | FLETCHCR   | 1000   | 1.8156945705413818     | 5000   | 533.6875083513223        | 2.895574837244361       | 7515     | 7515     | nan      | nan       | nan      |
| scipy_cg          | FMINSRF2   | 5625   | 0.3245871067047119     | 224    | 1.0026742128190882       | 0.0008564741612250083   | 302      | 302      | nan      | nan       | nan      |
| scipy_cg          | FMINSURF   | 5625   | 0.3851492404937744     | 255    | 1.0223332095535802       | 0.0009989321021203847   | 348      | 348      | nan      | nan       | nan      |
| scipy_cg          | FREUROTH   | 5000   | 0.1748335361480713     | 41     | 608159.1890474056        | 0.0016955430210394695   | 166      | 152      | nan      | nan       | nan      |
| scipy_cg          | GENHUMPS   | 5000   | 13.301789999008179     | 5000   | 8.519761020512982        | 0.3764816146190576      | 7758     | 7758     | nan      | nan       | nan      |
| scipy_cg          | GENROSE    | 1000   | 1.377258062362671      | 3855   | 1.0000000044625388       | 0.0008742060592823627   | 5694     | 5694     | nan      | nan       | nan      |
| scipy_cg          | GENROSEB   | 1000   | 1.3754196166992188     | 3855   | 1.0000000044625388       | 0.0008742060592823627   | 5694     | 5694     | nan      | nan       | nan      |
| scipy_cg          | GRIDGENA   | 5560   | 0.2866544723510742     | 125    | 23520.00000066497        | 0.0008290838252359943   | 194      | 194      | nan      | nan       | nan      |
| scipy_cg          | HILBERTA   | 1000   | 3.1139516830444336     | 61     | 0.0005079385200321545    | 0.0006052032998436921   | 99       | 99       | nan      | nan       | nan      |
| scipy_cg          | HILBERTB   | 1000   | 0.4079258441925049     | 5      | 3.317828605870828e-09    | 0.0001195497876410169   | 13       | 13       | nan      | nan       | nan      |
| scipy_cg          | INDEF      | 5000   | 22.047379970550537     | 142    | -4.378183314706409e+16   | 14.423498715792622      | 11719    | 11708    | nan      | nan       | nan      |
| scipy_cg          | INDEFM     | 100000 | 54.812498569488525     | 609    | -9450666.179361753       | 0.0699005286977952      | 2036     | 2020     | nan      | nan       | nan      |
| scipy_cg          | INTEQNELS  | 1002   | 0.11902260780334473    | 3      | 1.3638589217436952e-05   | 0.0004766368472195211   | 7        | 7        | nan      | nan       | nan      |
| scipy_cg          | JNLBRNG1   | 9604   | 0.6234958171844482     | 157    | -0.28052094287198354     | 0.0006901786559069384   | 237      | 237      | nan      | nan       | nan      |
| scipy_cg          | JNLBRNG2   | 9604   | 1.0662586688995361     | 271    | -7.349028828364885       | 0.0008833680232800817   | 405      | 405      | nan      | nan       | nan      |
| scipy_cg          | JNLBRNGA   | 9604   | 0.21673035621643066    | 58     | -0.43426762142304165     | 0.0008447163582585753   | 90       | 90       | nan      | nan       | nan      |
| scipy_cg          | JNLBRNGB   | 9604   | 3.6683948040008545     | 1015   | -11.523950043066405      | 0.0008107050071522043   | 1533     | 1533     | nan      | nan       | nan      |
| scipy_cg          | KSSLS      | 1000   | 0.3992781639099121     | 9      | 2.7034997233509744e-13   | 3.9672856508110986e-05  | 27       | 27       | nan      | nan       | nan      |
| scipy_cg          | LIARWHD    | 5000   | 0.03384590148925781    | 15     | 4.272711128677678e-10    | 5.859422733341303e-07   | 44       | 44       | nan      | nan       | nan      |
| scipy_cg          | LINVERSE   | 1999   | 0.14126062393188477    | 148    | 681.0000677896834        | 0.000676023042256284    | 227      | 227      | nan      | nan       | nan      |
| scipy_cg          | LMINSURF   | 5329   | 0.9264163970947266     | 577    | 9.1845785543421          | 0.0007731013126214461   | 875      | 875      | nan      | nan       | nan      |
| scipy_cg          | LUKSAN11LS | 1000   | 1.9181339740753174     | 5000   | 1669.8247783838938       | 16.615812284620965      | 7737     | 7737     | nan      | nan       | nan      |
| scipy_cg          | LUKSAN12LS | 998    | 0.2972090244293213     | 518    | 20245.495945813425       | 0.0008323110159871305   | 982      | 982      | nan      | nan       | nan      |
| scipy_cg          | LUKSAN13LS | 998    | 0.056839704513549805   | 86     | 262468.0368899539        | 0.0009912000219998163   | 186      | 186      | nan      | nan       | nan      |
| scipy_cg          | LUKSAN14LS | 998    | 0.044745683670043945   | 108    | 1301.5308247572182       | 0.0008030186365886038   | 182      | 182      | nan      | nan       | nan      |
| scipy_cg          | LUKSAN15LS | 1000   | 0.13353872299194336    | 18     | 36.352627382586036       | 0.0006950316033551285   | 43       | 43       | nan      | nan       | nan      |
| scipy_cg          | LUKSAN16LS | 1000   | 0.04002737998962402    | 24     | 36.35262738254838        | 0.0008550082196092379   | 48       | 48       | nan      | nan       | nan      |
| scipy_cg          | LUKSAN17LS | 1000   | 0.7531907558441162     | 307    | 5.022194539735259        | 0.0007772042950393021   | 461      | 461      | nan      | nan       | nan      |
| scipy_cg          | LUKSAN21LS | 1000   | 1.6727831363677979     | 5000   | 861.6291840169974        | 0.0395578307542693      | 7542     | 7542     | nan      | nan       | nan      |
| scipy_cg          | LUKSAN22LS | 1000   | 0.6807210445404053     | 967    | 8972.923054020599        | 0.0009118611271328181   | 1531     | 1531     | nan      | nan       | nan      |
| scipy_cg          | MANCINO    | 1000   | 11.600005388259888     | 13     | 1.2714910530986885e-14   | 0.0005525947051656766   | 34       | 34       | nan      | nan       | nan      |
| scipy_cg          | MCCORMCK   | 5000   | 8.57060170173645       | 5000   | -14245670.260486513      | 7.453808399378189       | 7279     | 7279     | nan      | nan       | nan      |
| scipy_cg          | MODBEALE   | 20000  | 2.984208345413208      | 166    | 1.3378580845221475e-06   | 0.0009104544045767855   | 357      | 357      | nan      | nan       | nan      |
| scipy_cg          | MOREBV     | 5000   | 0.0008099079132080078  | 0      | 1.5969074274173896e-07   | 0.0007990407356545355   | 1        | 1        | nan      | nan       | nan      |
| scipy_cg          | NCB20      | 5010   | 1.723952054977417      | 133    | -1249.7904184262413      | 0.0006484851179771045   | 231      | 231      | nan      | nan       | nan      |
| scipy_cg          | NCB20B     | 5000   | 1.2152502536773682     | 93     | 7351.300620957562        | 0.00098894201529931     | 164      | 164      | nan      | nan       | nan      |
| scipy_cg          | NCVXBQP1   | 10000  | 2.837981939315796      | 34     | -3.520955233103161e+209  | 7.494882369103756e+105  | 3671     | 3671     | nan      | nan       | nan      |
| scipy_cg          | NCVXBQP2   | 10000  | 2.9427945613861084     | 36     | nan                      | nan                     | 3782     | 3782     | nan      | nan       | nan      |
| scipy_cg          | NCVXBQP3   | 10000  | 2.931942939758301      | 36     | nan                      | nan                     | 3782     | 3782     | nan      | nan       | nan      |
| scipy_cg          | NLMSURF    | 5329   | 2.7527713775634766     | 2051   | 39.33889443803444        | 0.0009564886323437389   | 2577     | 2577     | nan      | nan       | nan      |
| scipy_cg          | NOBNDTOR   | 5184   | 0.08719730377197266    | 44     | -0.48262575475546915     | 0.0007443780248946753   | 65       | 65       | nan      | nan       | nan      |
| scipy_cg          | NONCVXU2   | 5000   | 7.694694757461548      | 4664   | 11586.068024406095       | 0.0009610349150719344   | 6876     | 6876     | nan      | nan       | nan      |
| scipy_cg          | NONCVXUN   | 5000   | 8.339268207550049      | 5000   | 11623.196496040753       | 0.009812627833072352    | 7451     | 7451     | nan      | nan       | nan      |
| scipy_cg          | NONDIA     | 5000   | 0.015991687774658203   | 6      | 2.065628355001044e-09    | 1.0828122084860286e-06  | 25       | 25       | nan      | nan       | nan      |
| scipy_cg          | NONDQUAR   | 5000   | 0.1087639331817627     | 142    | 0.0008317757080199696    | 0.000918545416963362    | 223      | 223      | nan      | nan       | nan      |
| scipy_cg          | NONMSQRT   | 4900   | 108.17006015777588     | 5000   | 772.4641105459991        | 0.20573713059513443     | 7661     | 7661     | nan      | nan       | nan      |
| scipy_cg          | NONSCOMP   | 5000   | 0.1709153652191162     | 165    | 0.00034085674724354623   | 0.0009291055778615806   | 287      | 287      | nan      | nan       | nan      |
| scipy_cg          | OBSTCLAE   | 9604   | 0.7646691799163818     | 212    | 0.028611924901037516     | 0.0009079510209752759   | 317      | 317      | nan      | nan       | nan      |
| scipy_cg          | OBSTCLAL   | 9604   | 0.5568406581878662     | 160    | -0.0005620486467220584   | 0.0005741144207816549   | 231      | 231      | nan      | nan       | nan      |
| scipy_cg          | OBSTCLBL   | 9604   | 0.3065509796142578     | 86     | -0.012589226444158974    | 0.0006337466160066321   | 127      | 127      | nan      | nan       | nan      |
| scipy_cg          | OBSTCLBM   | 9604   | 0.37072134017944336    | 105    | -0.008391873618807872    | 0.000670636608636462    | 153      | 153      | nan      | nan       | nan      |
| scipy_cg          | OBSTCLBU   | 9604   | 0.5269715785980225     | 145    | -0.010670117286807949    | 0.0007397286377014587   | 218      | 218      | nan      | nan       | nan      |
| scipy_cg          | ODC        | 4900   | 0.0023543834686279297  | 0      | 0.0                      | 0.0001983733386         | 1        | 1        | nan      | nan       | nan      |
| scipy_cg          | ODNAMUR    | 11130  | 9.344050884246826      | 5000   | 8816.34346602113         | 3.857912354205362       | 8384     | 8384     | nan      | nan       | nan      |
| scipy_cg          | OSCIGRAD   | 100000 | 1.772428035736084      | 53     | 2.834346411430686e-14    | 0.0007505649435270343   | 109      | 109      | nan      | nan       | nan      |
| scipy_cg          | OSCIPATH   | 5000   | 0.008884429931640625   | 6      | 0.9999666655443228       | 0.0007375809522256868   | 14       | 14       | nan      | nan       | nan      |
| scipy_cg          | PENALTY1   | 1000   | 0.004376888275146484   | 1      | 2.647220356307879e+16    | 454346936507.42694      | 20       | 20       | nan      | nan       | nan      |
| scipy_cg          | PENALTY2   | 1000   | 0.0005877017974853516  | 0      | 1.4463988819756525e+83   | 2.0507312266388623e+38  | 1        | 1        | nan      | nan       | nan      |
| scipy_cg          | PENALTY3   | 1000   | 24.020674467086792     | 57     | 0.012812355952486256     | 29.741871607612644      | 199      | 188      | nan      | nan       | nan      |
| scipy_cg          | PENTDI     | 5000   | 0.013575553894042969   | 8      | -209.3397000364115       | 0.0002488312732313869   | 17       | 17       | nan      | nan       | nan      |
| scipy_cg          | POWELLBC   | 1000   | 3.7043631076812744     | 204    | 84.29424701569113        | 0.0007940135925234498   | 405      | 405      | nan      | nan       | nan      |
| scipy_cg          | POWELLSG   | 5000   | 0.018632888793945312   | 22     | 0.015033961790495253     | 0.0005236939598533971   | 41       | 41       | nan      | nan       | nan      |
| scipy_cg          | POWER      | 10000  | 0.4833252429962158     | 486    | 4.697282339141215e-06    | 0.0008184233821690582   | 753      | 753      | nan      | nan       | nan      |
| scipy_cg          | POWERSUM   | 1000   | 0.2066361904144287     | 1      | nan                      | nan                     | 2        | 2        | nan      | nan       | nan      |
| scipy_cg          | PRICE3     | 2000   | 0.004381418228149414   | 11     | 1.036083632287444e-09    | 0.0001838659563441747   | 33       | 30       | nan      | nan       | nan      |
| scipy_cg          | PROBPENL   | 1000   | 0.00096893310546875    | 1      | 1.99799795062643e-07     | 1.622179834279091e-07   | 4        | 4        | nan      | nan       | nan      |
| scipy_cg          | QING       | 1000   | 0.058786869049072266   | 194    | 2.8761910685536118e-08   | 0.0008533214294664925   | 308      | 308      | nan      | nan       | nan      |
| scipy_cg          | QRTQUAD    | 5000   | 5.108047008514404      | 5000   | -72297666197.0037        | 1960945.6298039688      | 11222    | 11222    | nan      | nan       | nan      |
| scipy_cg          | QUARTC     | 5000   | 0.021448850631713867   | 15     | 0.007914195052414294     | 0.00029626844607742373  | 55       | 50       | nan      | nan       | nan      |
| scipy_cg          | RAYBENDL   | 2046   | 0.00044655799865722656 | 0      | 98.02582338676415        | 0.000689187880518749    | 1        | 1        | nan      | nan       | nan      |
| scipy_cg          | RAYBENDS   | 2046   | 0.012090682983398438   | 0      | 98.02515497624792        | 0.0006868522779189673   | 1        | 1        | nan      | nan       | nan      |
| scipy_cg          | S368       | 1000   | 80.8825330734253       | 9      | -8.240411657341318e+136  | 6.923982500673902e+113  | 540      | 540      | nan      | nan       | nan      |
| scipy_cg          | SBRYBND    | 5000   | 8.691022872924805      | 5000   | 49717.53022412533        | 357739.6276512608       | 7396     | 7396     | nan      | nan       | nan      |
| scipy_cg          | SCHMVETT   | 5000   | 0.09241247177124023    | 28     | -14993.999999751528      | 0.0007897142766209      | 52       | 52       | nan      | nan       | nan      |
| scipy_cg          | SCOSINE    | 5000   | 0.07390189170837402    | 1      | 2038.7754765708269       | 13240907434.71376       | 83       | 71       | nan      | nan       | nan      |
| scipy_cg          | SCURLY10   | 10000  | 9.917494297027588      | 5000   | 2201780.8210659213       | 76188568.37548093       | 8304     | 8304     | nan      | nan       | nan      |
| scipy_cg          | SCURLY20   | 10000  | 13.097917318344116     | 5000   | 28141738.776875842       | 2109494393.5472016      | 8054     | 8054     | nan      | nan       | nan      |
| scipy_cg          | SCURLY30   | 10000  | 16.65925168991089      | 5000   | 79827123.0146844         | 3315680644.9275036      | 7834     | 7834     | nan      | nan       | nan      |
| scipy_cg          | SENSORS    | 1000   | 19.480923175811768     | 26     | -209228.90624999997      | 0.0006260120434215659   | 58       | 58       | nan      | nan       | nan      |
| scipy_cg          | SINEALI    | 1000   | 0.01647162437438965    | 30     | -99900.96164869984       | 0.0008890481228806154   | 70       | 70       | nan      | nan       | nan      |
| scipy_cg          | SINQUAD    | 5000   | 0.07500219345092773    | 19     | -6757013.757334297       | 0.13413921219171243     | 68       | 63       | nan      | nan       | nan      |
| scipy_cg          | SPARSINE   | 5000   | 6.494600534439087      | 3566   | 3.696879173164448e-05    | 0.0008313936696774697   | 5407     | 5407     | nan      | nan       | nan      |
| scipy_cg          | SPARSQUR   | 10000  | 0.08704853057861328    | 18     | 4.854675243515084e-07    | 0.000367751023357652    | 41       | 41       | nan      | nan       | nan      |
| scipy_cg          | SPIN2LS    | 1002   | 51.093031883239746     | 682    | 4.339121195150762e-09    | 0.000884810183532929    | 1057     | 1057     | nan      | nan       | nan      |
| scipy_cg          | SPINLS     | 1327   | 0.659548282623291      | 589    | 0.00031002489742699323   | 0.0008468083481613354   | 1086     | 1086     | nan      | nan       | nan      |
| scipy_cg          | SROSENBR   | 5000   | 0.01145172119140625    | 10     | 0.0012844527470412715    | 0.0005634617578742507   | 23       | 22       | nan      | nan       | nan      |
| scipy_cg          | SSBRYBND   | 5000   | 8.89888596534729       | 5000   | 135.4130803976373        | 68.3830553199673        | 7562     | 7562     | nan      | nan       | nan      |
| scipy_cg          | SSC        | 4900   | 0.001949310302734375   | 0      | -1.9999999997648812      | 0.0003967466772         | 1        | 1        | nan      | nan       | nan      |
| scipy_cg          | SSCOSINE   | 5000   | 7.061655521392822      | 5000   | -1420.777796095615       | 1208.2063508019226      | 7523     | 7523     | nan      | nan       | nan      |
| scipy_cg          | STRTCHDV   | 1000   | 0.008077859878540039   | 4      | 1.4401373761978185e-05   | 0.000602876438977965    | 9        | 9        | nan      | nan       | nan      |
| scipy_cg          | TESTQUAD   | 5000   | 3.040062189102173      | 5000   | 6.741634185699245        | 23.059869665211394      | 7590     | 7590     | nan      | nan       | nan      |
| scipy_cg          | TOINTGSS   | 5000   | 0.02912282943725586    | 10     | 10.002000799862083       | 1.3713835212512558e-05  | 30       | 30       | nan      | nan       | nan      |
| scipy_cg          | TORSION1   | 5184   | 0.08824849128723145    | 44     | -0.48262575475546915     | 0.0007443780248946753   | 65       | 65       | nan      | nan       | nan      |
| scipy_cg          | TORSION2   | 5184   | 0.0013740062713623047  | 0      | 0.0                      | 0.000938262338          | 1        | 1        | nan      | nan       | nan      |
| scipy_cg          | TORSION3   | 5184   | 0.19427084922790527    | 95     | -1.927362356904109       | 0.0009980994711701417   | 144      | 144      | nan      | nan       | nan      |
| scipy_cg          | TORSION4   | 5184   | 0.22768568992614746    | 118    | -1.913348380725884       | 0.000930577808373809    | 169      | 169      | nan      | nan       | nan      |
| scipy_cg          | TORSION5   | 5184   | 0.25884461402893066    | 130    | -7.732730506970411       | 0.0009141043217425655   | 192      | 192      | nan      | nan       | nan      |
| scipy_cg          | TORSION6   | 5184   | 0.2773864269256592     | 141    | -7.746011795764853       | 0.000813445662198136    | 206      | 206      | nan      | nan       | nan      |
| scipy_cg          | TORSIONA   | 5184   | 0.06894445419311523    | 32     | -0.4366237273448363      | 0.0007569349658881497   | 46       | 46       | nan      | nan       | nan      |
| scipy_cg          | TORSIONB   | 5184   | 0.0015556812286376953  | 0      | 0.0                      | 0.000938262338          | 1        | 1        | nan      | nan       | nan      |
| scipy_cg          | TORSIONC   | 5184   | 0.18018364906311035    | 85     | -1.7452186372845002      | 0.0009501811175639061   | 121      | 121      | nan      | nan       | nan      |
| scipy_cg          | TORSIOND   | 5184   | 0.3135414123535156     | 148    | -1.7522418796165742      | 0.0008953782700808852   | 210      | 210      | nan      | nan       | nan      |
| scipy_cg          | TORSIONE   | 5184   | 0.30486631393432617    | 133    | -7.016921551844581       | 0.0008994215293677459   | 205      | 205      | nan      | nan       | nan      |
| scipy_cg          | TORSIONF   | 5184   | 0.3143584728240967     | 148    | -7.0167179381330325      | 0.0009541748827102308   | 211      | 211      | nan      | nan       | nan      |
| scipy_cg          | TQUARTIC   | 5000   | 0.01575160026550293    | 10     | 0.003985142363795341     | 0.0001765604351822601   | 27       | 27       | nan      | nan       | nan      |
| scipy_cg          | TRIDIA     | 5000   | 1.9142942428588867     | 2850   | 4.927720333746496e-07    | 0.0009767823877462334   | 4291     | 4291     | nan      | nan       | nan      |
| scipy_cg          | TRIGON1    | 1000   | 130.82185292243958     | 5000   | 0.044394338271098954     | 0.27486946626058156     | 7520     | 7520     | nan      | nan       | nan      |
| scipy_cg          | TRIGON2    | 1000   | 0.2633633613586426     | 339    | 247.51350744808164       | 0.0008071370075009021   | 523      | 523      | nan      | nan       | nan      |
| scipy_cg          | VANDANMSLS | 1002   | 0.012970447540283203   | 2      | 8.285372361121862        | 1.977456440177336e-08   | 16       | 16       | nan      | nan       | nan      |
| scipy_cg          | VARDIM     | 1000   | 0.0032258033752441406  | 1      | 3.4051139303073676e+21   | 5.63843692944235e+19    | 15       | 15       | nan      | nan       | nan      |
| scipy_cg          | VAREIGVL   | 5000   | 0.10035085678100586    | 41     | 2.5455107252853313e-05   | 0.0006526661677621439   | 77       | 77       | nan      | nan       | nan      |
| scipy_cg          | WOODS      | 4000   | 0.0466456413269043     | 48     | 6.522771467679965e-05    | 0.00022669753752662113  | 96       | 96       | nan      | nan       | nan      |
