| QPS-Diagonale_Hd  | ARGLINA    | 1000   | 0.03617429733276367    | 2      | 99.99999957090597        | 2.7741984057194635e-12  | 4        | 5        | 0        | 0         | ----     |
| QPS-Diagonale_Hd  | ARGLINB    | 1000   | 281.5135521888733      | 5000   | 274.6251661087073        | 0.115695521235466       | 157977   | 14995    | 0        | 0         | ----     |
| QPS-Diagonale_Hd  | ARGLINC    | 1000   | 347.19038128852844     | 5000   | 276.1251673489429        | 10.640350393485278      | 218844   | 10065    | 0        | 0         | ----     |
| QPS-Diagonale_Hd  | ARGTRIGLS  | 1000   | 86.65413475036621      | 1589   | 1.5785546163192119e-07   | 0.0009472508829868382   | 1599     | 4766     | 0        | 0         | ----     |
| QPS-Diagonale_Hd  | BDEXP      | 5000   | 0.013343334197998047   | 6      | 0.13929500918473559      | 0.00040199782101799124  | 8        | 17       | 0        | 0         | ----     |
| QPS-Diagonale_Hd  | BOX        | 10000  | 0.028978347778320312   | 5      | -1864.5379265591307      | 6.625891626499403e-05   | 9        | 14       | 0        | 0         | ----     |
| QPS-Diagonale_Hd  | BOXPOWER   | 10000  | 0.028074026107788086   | 13     | 0.047131238761244566     | 0.0008551147306954388   | 23       | 38       | 0        | 0         | ----     |
| QPS-Diagonale_Hd  | BROWNAL    | 1000   | 0.26726508140563965    | 22     | 3.5261727313294363e-12   | 2.6231139489464015e-06  | 37       | 65       | 0        | 0         | ----     |
| QPS-Diagonale_Hd  | BROYDN3DLS | 5000   | 0.03148055076599121    | 19     | 7.449863301856832e-08    | 0.0008615736958931167   | 21       | 56       | 0        | 0         | ----     |
| QPS-Diagonale_Hd  | BROYDNBDLS | 5000   | 0.14507651329040527    | 52     | 7.881132102736225e-08    | 0.000887525403709135    | 55       | 155      | 0        | 0         | ----     |
| QPS-Diagonale_Hd  | CHEBYQAD   | 1000   | 1393.364324092865      | 2293   | 0.008315727562306831     | 0.0009851239654476594   | 2306     | 6878     | 0        | 0         | ----     |
| QPS-Diagonale_Hd  | CHNRSNBM   | 1000   | 2.669980764389038      | 4473   | 1.9109211677468238e-07   | 0.000951446408713629    | 4478     | 13418    | 0        | 0         | ----     |
| QPS-Diagonale_Hd  | CLPLATEA   | 4970   | 1.0180113315582275     | 346    | -0.012577013231861623    | 0.0007563558864248261   | 351      | 1037     | 0        | 0         | ----     |
| QPS-Diagonale_Hd  | CURLY30    | 10000  | 27.078152894973755     | 5000   | -1001774.6320291995      | 0.17716193124401344     | 5006     | 14999    | 0        | 0         | ----     |
| QPS-Diagonale_Hd  | CVXBQP1    | 10000  | 4.746989727020264      | 2248   | 1.2723711736074472e-06   | 0.0009960612867056242   | 2259     | 6743     | 0        | 0         | ----     |
| QPS-Diagonale_Hd  | CYCLIC3LS  | 100002 | 190.63103461265564     | 5000   | 402112154.7477216        | 65816122.59704786       | 5147     | 14999    | 0        | 0         | ----     |
| QPS-Diagonale_Hd  | CYCLOOCFLS | 29996  | 63.20373058319092      | 5000   | 1758.4982046816795       | 5.075638091426147       | 5799     | 14999    | 0        | 0         | ----     |
| QPS-Diagonale_Hd  | CYCLOOCTLS | 29996  | 63.088383436203        | 5000   | 1690.054135713423        | 2.5267516942740293      | 5879     | 14999    | 0        | 0         | ----     |
| QPS-Diagonale_Hd  | DEGDIAG    | 100001 | 0.028676271438598633   | 2      | 2.177030191524728e-11    | 2.0866281036369116e-08  | 5        | 5        | 0        | 0         | ----     |
| QPS-Diagonale_Hd  | DEGTRID    | 100001 | 0.4605898857116699     | 18     | -99999.49999347406       | 0.00090051382848233     | 20       | 53       | 0        | 0         | ----     |
| QPS-Diagonale_Hd  | ARWHEAD    | 5000   | 0.011453390121459961   | 5      | 0.0                      | 1.9440078094065447e-06  | 12       | 14       | 0        | 0         | ----     |
| QPS-Diagonale_Hd  | BDQRTIC    | 5000   | 5.4989330768585205     | 2347   | 20006.256878661556       | 0.0009533136611634685   | 2387     | 7040     | 0        | 0         | ----     |
| QPS-Diagonale_Hd  | BROYDN7D   | 5000   | 5.883708953857422      | 1388   | 2015.6532303601011       | 0.0008321256489177142   | 1392     | 4163     | 0        | 0         | ----     |
| QPS-Diagonale_Hd  | BRYBND     | 5000   | 0.14571905136108398    | 52     | 7.881132102736225e-08    | 0.000887525403709135    | 55       | 155      | 0        | 0         | ----     |
| QPS-Diagonale_Hd  | CHAINWOO   | 4000   | 9.758489608764648      | 5000   | 10449.088437953782       | 10.392336051049638      | 5062     | 14999    | 0        | 0         | ----     |
| QPS-Diagonale_Hd  | CLPLATEB   | 4970   | 0.27652788162231445    | 99     | -0.00499192182759322     | 0.000881055161203766    | 101      | 296      | 0        | 0         | ----     |
| QPS-Diagonale_Hd  | CLPLATEC   | 4970   | 10.49780011177063      | 3617   | -0.0050206775882203555   | 0.0009885943130077419   | 3619     | 10850    | 0        | 0         | ----     |
| QPS-Diagonale_Hd  | COSINE     | 10000  | 0.07723498344421387    | 17     | -9998.999999998          | 0.00036512048142325144  | 24       | 50       | 0        | 0         | ----     |
| QPS-Diagonale_Hd  | CRAGGLVY   | 5000   | 0.19997763633728027    | 58     | 1688.215309983959        | 0.0007127093558880449   | 66       | 173      | 0        | 0         | ----     |
| QPS-Diagonale_Hd  | CURLY10    | 10000  | 15.006590366363525     | 5000   | -1003162.6551708601      | 0.02808023494507981     | 5006     | 14999    | 0        | 0         | ----     |
| QPS-Diagonale_Hd  | CURLY20    | 10000  | 20.00283718109131      | 5000   | -1003148.8772762532      | 0.21201351343012964     | 5003     | 14999    | 0        | 0         | ----     |
| QPS-Diagonale_Hd  | DEGTRID2   | 100001 | 0.46369385719299316    | 18     | -99999.49999347406       | 0.00090051382848233     | 20       | 53       | 0        | 0         | ----     |
| QPS-Diagonale_Hd  | DIAGPQB    | 1000   | 0.608217716217041      | 1517   | -821.967283335763        | 0.0003821620284052418   | 1519     | 4550     | 0        | 0         | ----     |
| QPS-Diagonale_Hd  | DIAGPQE    | 1000   | 0.041683197021484375   | 106    | -3.742734957193385       | 0.0009755686406969222   | 108      | 317      | 0        | 0         | ----     |
| QPS-Diagonale_Hd  | DIAGPQT    | 1000   | 0.052190542221069336   | 128    | -502.0440103726982       | 0.0009230374785669238   | 130      | 383      | 0        | 0         | ----     |
| QPS-Diagonale_Hd  | DIXMAANA1  | 3000   | 0.006117820739746094   | 6      | 1.0003212168437356       | 0.0008439562417378195   | 9        | 17       | 0        | 0         | ----     |
| QPS-Diagonale_Hd  | DIXMAANB   | 3000   | 0.010584115982055664   | 7      | 1.0000000018378057       | 5.588607680058346e-05   | 9        | 20       | 0        | 0         | ----     |
| QPS-Diagonale_Hd  | DIXMAANC   | 3000   | 0.01074838638305664    | 7      | 1.0000000031773457       | 6.58714201440322e-05    | 9        | 20       | 0        | 0         | ----     |
| QPS-Diagonale_Hd  | DIXMAAND   | 3000   | 0.011343955993652344   | 8      | 1.0000004434130119       | 0.000315890024112895    | 11       | 23       | 0        | 0         | ----     |
| QPS-Diagonale_Hd  | DIXMAANE1  | 3000   | 0.07009267807006836    | 68     | 1.0005923822160627       | 0.0009836048756440494   | 70       | 203      | 0        | 0         | ----     |
| QPS-Diagonale_Hd  | DIXMAANF   | 3000   | 0.03693079948425293    | 25     | 1.0012218973759168       | 0.0009494422237213751   | 27       | 74       | 0        | 0         | ----     |
| QPS-Diagonale_Hd  | DIXMAANG   | 3000   | 0.04762601852416992    | 33     | 1.000579625240987        | 0.0008651103348568777   | 35       | 98       | 0        | 0         | ----     |
| QPS-Diagonale_Hd  | DIXMAANH   | 3000   | 0.02999401092529297    | 21     | 1.0012414368670395       | 0.0008398669687822925   | 24       | 62       | 0        | 0         | ----     |
| QPS-Diagonale_Hd  | DIXMAANI1  | 3000   | 0.09044861793518066    | 89     | 1.01141367966693         | 0.0009844711635198736   | 91       | 266      | 0        | 0         | ----     |
| QPS-Diagonale_Hd  | DIXMAANJ   | 3000   | 0.048702239990234375   | 34     | 1.000672717994415        | 0.0009350797403404037   | 36       | 101      | 0        | 0         | ----     |
| QPS-Diagonale_Hd  | DIXMAANK   | 3000   | 0.050936222076416016   | 36     | 1.000262090352883        | 0.0009555949654225931   | 38       | 107      | 0        | 0         | ----     |
| QPS-Diagonale_Hd  | DIXMAANL   | 3000   | 0.0409090518951416     | 29     | 1.0005203712381905       | 0.0009492164248769005   | 32       | 86       | 0        | 0         | ----     |
| QPS-Diagonale_Hd  | DIXMAANM1  | 3000   | 0.14958548545837402    | 149    | 1.0019998921184625       | 0.0009729672975726096   | 151      | 446      | 0        | 0         | ----     |
| QPS-Diagonale_Hd  | DIXMAANN   | 3000   | 0.08935141563415527    | 63     | 1.0008023853876324       | 0.0009696843477291545   | 65       | 188      | 0        | 0         | ----     |
| QPS-Diagonale_Hd  | DIXMAANO   | 3000   | 0.08422517776489258    | 59     | 1.0006475034315967       | 0.0009508056604961812   | 61       | 176      | 0        | 0         | ----     |
| QPS-Diagonale_Hd  | DIXMAANP   | 3000   | 0.07680726051330566    | 54     | 1.0004882322631312       | 0.0009853630532910026   | 56       | 161      | 0        | 0         | ----     |
| QPS-Diagonale_Hd  | DIXON3DQ   | 10000  | 7.363006114959717      | 3999   | 0.0010000000937031579    | 0.000999625281171701    | 4001     | 11996    | 0        | 0         | ----     |
| QPS-Diagonale_Hd  | DQDRTIC    | 5000   | 0.014180898666381836   | 7      | 2.1101935646561674e-12   | 3.987096319105816e-05   | 13       | 20       | 0        | 0         | ----     |
| QPS-Diagonale_Hd  | DQRTIC     | 5000   | 0.03245210647583008    | 28     | 0.020583989754282675     | 0.00039218510806946004  | 55       | 83       | 0        | 0         | ----     |
| QPS-Diagonale_Hd  | EDENSCH    | 2000   | 0.024134397506713867   | 20     | 12003.284592157856       | 0.0008079893015060513   | 26       | 59       | 0        | 0         | ----     |
| QPS-Diagonale_Hd  | EIGENALS   | 2550   | 104.85937762260437     | 5000   | 0.010289860496956781     | 0.17565431193926279     | 5003     | 14999    | 0        | 0         | ----     |
| QPS-Diagonale_Hd  | EIGENBLS   | 2550   | 22.020350217819214     | 1065   | 0.015103812988659373     | 0.000997380803660799    | 1068     | 3194     | 0        | 0         | ----     |
| QPS-Diagonale_Hd  | EIGENCLS   | 2652   | 112.48941922187805     | 5000   | 6.886146767390317e-06    | 0.0033434365834221014   | 5006     | 14999    | 0        | 0         | ----     |
| QPS-Diagonale_Hd  | ENGVAL1    | 5000   | 0.0335843563079834     | 16     | 5548.668419661584        | 0.0008213540423431809   | 19       | 47       | 0        | 0         | ----     |
| QPS-Diagonale_Hd  | EXTROSNB   | 1000   | 0.011748790740966797   | 24     | 3.807494423877294e-09    | 0.0008717791126812038   | 30       | 71       | 0        | 0         | ----     |
| QPS-Diagonale_Hd  | FLETBV3M   | 5000   | 0.19382119178771973    | 41     | -249951.45150390893      | 2.9638083870667823e-05  | 106      | 122      | 0        | 0         | ----     |
| QPS-Diagonale_Hd  | FLETCBV2   | 5000   | 0.0009522438049316406  | 0      | -0.5002681698025546      | 7.996001439813359e-08   | 1        | 1        | 0        | 0         | ----     |
| QPS-Diagonale_Hd  | FLETCHCR   | 1000   | 2.29706072807312       | 4156   | 6.918333495913834e-07    | 0.0009927135835831624   | 4167     | 12467    | 0        | 0         | ----     |
| QPS-Diagonale_Hd  | FMINSRF2   | 5625   | 0.5018026828765869     | 186    | 1.001023545957649        | 0.0008356232947624283   | 208      | 557      | 0        | 0         | ----     |
| QPS-Diagonale_Hd  | FMINSURF   | 5625   | 0.6454036235809326     | 232    | 1.0056802648946819       | 0.0009983538787664357   | 255      | 695      | 0        | 0         | ----     |
| QPS-Diagonale_Hd  | FREUROTH   | 5000   | 0.09419536590576172    | 29     | 608065.1657286598        | 0.0008621584132342264   | 73       | 86       | 0        | 0         | ----     |
| QPS-Diagonale_Hd  | GENHUMPS   | 5000   | 22.14102053642273      | 5000   | 2.403015756930906        | 1.6855142987674645      | 5891     | 14999    | 0        | 0         | ----     |
| QPS-Diagonale_Hd  | GENROSE    | 1000   | 1.1393647193908691     | 2055   | 1.0000000014564252       | 0.0006088931888388463   | 2071     | 6164     | 0        | 0         | ----     |
| QPS-Diagonale_Hd  | GENROSEB   | 1000   | 1.136850118637085      | 2055   | 1.0000000014564252       | 0.0006088931888388463   | 2071     | 6164     | 0        | 0         | ----     |
| QPS-Diagonale_Hd  | GRIDGENA   | 5560   | 0.33946824073791504    | 89     | 23520.000000953696       | 0.0009258974080056476   | 91       | 266      | 0        | 0         | ----     |
| QPS-Diagonale_Hd  | HILBERTA   | 1000   | 1.3911027908325195     | 18     | 0.0001870461593833987    | 0.00014977225940059289  | 20       | 53       | 0        | 0         | ----     |
| QPS-Diagonale_Hd  | HILBERTB   | 1000   | 0.30628323554992676    | 4      | 9.540362071246919e-08    | 0.0006550248895036998   | 6        | 11       | 0        | 0         | ----     |
| QPS-Diagonale_Hd  | INDEFM     | 100000 | 359.3451132774353      | 5000   | -9906207.235856732       | 117.82442902891495      | 5139     | 14999    | 0        | 0         | ----     |
| QPS-Diagonale_Hd  | INTEQNELS  | 1002   | 0.0913996696472168     | 2      | 2.706374036743958e-05    | 0.000626627424944377    | 4        | 5        | 0        | 0         | ----     |
| QPS-Diagonale_Hd  | JNLBRNG1   | 9604   | 0.6560235023498535     | 95     | -0.28241986608765784     | 0.0009333207408962255   | 97       | 284      | 0        | 0         | ----     |
| QPS-Diagonale_Hd  | JNLBRNG2   | 9604   | 1.2401809692382812     | 188    | -7.34968662854433        | 0.0009475187896485146   | 190      | 563      | 0        | 0         | ----     |
| QPS-Diagonale_Hd  | JNLBRNGA   | 9604   | 0.3235809803009033     | 48     | -0.43734912543303583     | 0.0009421340795668295   | 50       | 143      | 0        | 0         | ----     |
| QPS-Diagonale_Hd  | JNLBRNGB   | 9604   | 2.588715076446533      | 423    | -11.544478527607572      | 0.0009389732468268325   | 425      | 1268     | 0        | 0         | ----     |
| QPS-Diagonale_Hd  | KSSLS      | 1000   | 0.47055745124816895    | 11     | 1.2108814696916957e-11   | 0.0008923780646153668   | 34       | 32       | 0        | 0         | ----     |
| QPS-Diagonale_Hd  | LIARWHD    | 5000   | 0.02467203140258789    | 12     | 8.311802388693897e-20    | 4.710707868227312e-08   | 21       | 35       | 0        | 0         | ----     |
| QPS-Diagonale_Hd  | LINVERSE   | 1999   | 0.1060495376586914     | 68     | 681.0000316566816        | 0.0009113972000554722   | 70       | 203      | 0        | 0         | ----     |
| QPS-Diagonale_Hd  | LMINSURF   | 5329   | 0.9600927829742432     | 362    | 9.005325844160238        | 0.0009478140154166818   | 365      | 1085     | 0        | 0         | ----     |
| QPS-Diagonale_Hd  | LUKSAN11LS | 1000   | 2.835418939590454      | 5000   | 706.211331264523         | 4.449339666649618       | 5011     | 14999    | 0        | 0         | ----     |
| QPS-Diagonale_Hd  | LUKSAN12LS | 998    | 0.1668407917022705     | 232    | 20066.22039137294        | 0.0008690985857313649   | 237      | 695      | 0        | 0         | ----     |
| QPS-Diagonale_Hd  | LUKSAN13LS | 998    | 0.05834460258483887    | 77     | 262468.03688996675       | 0.0009605267442438503   | 87       | 230      | 0        | 0         | ----     |
| QPS-Diagonale_Hd  | LUKSAN14LS | 998    | 0.07063770294189453    | 122    | 1301.4814168052371       | 0.0006144104917060744   | 130      | 365      | 0        | 0         | ----     |
| QPS-Diagonale_Hd  | LUKSAN15LS | 1000   | 0.1439659595489502     | 19     | 36.35262738243353        | 0.0003965060235007131   | 25       | 56       | 0        | 0         | ----     |
| QPS-Diagonale_Hd  | LUKSAN16LS | 1000   | 0.046956777572631836   | 21     | 36.35262738252613        | 0.0005866325577067594   | 42       | 62       | 0        | 0         | ----     |
| QPS-Diagonale_Hd  | LUKSAN17LS | 1000   | 0.7617149353027344     | 172    | 5.022193576734905        | 0.0007993810969244564   | 181      | 515      | 0        | 0         | ----     |
| QPS-Diagonale_Hd  | LUKSAN21LS | 1000   | 2.5611886978149414     | 5000   | 123.99849903278212       | 0.16557336799920241     | 5002     | 14999    | 0        | 0         | ----     |
| QPS-Diagonale_Hd  | LUKSAN22LS | 1000   | 1.040985107421875      | 988    | 8968.94048799524         | 0.0009178483012315386   | 993      | 2963     | 0        | 0         | ----     |
| QPS-Diagonale_Hd  | MANCINO    | 1000   | 13.693068027496338     | 13     | 1.0090249466992514e-14   | 0.0005411015713278801   | 43       | 38       | 0        | 0         | ----     |
| QPS-Diagonale_Hd  | MCCORMCK   | 5000   | 15.8462233543396       | 5000   | -93726653.92304894       | 17.26254226808758       | 5864     | 14999    | 0        | 0         | ----     |
| QPS-Diagonale_Hd  | MODBEALE   | 20000  | 20.416077613830566     | 1010   | 4.3760111339961295e-07   | 0.0009259510407410332   | 1018     | 3029     | 0        | 0         | ----     |
| QPS-Diagonale_Hd  | MOREBV     | 5000   | 0.000457763671875      | 0      | 1.5969074274173896e-07   | 0.0007990407356545355   | 1        | 1        | 0        | 0         | ----     |
| QPS-Diagonale_Hd  | NCB20      | 5010   | 2.7553675174713135     | 154    | -1249.405390859738       | 0.0008716780497084464   | 164      | 461      | 0        | 0         | ----     |
| QPS-Diagonale_Hd  | NCB20B     | 5000   | 1.764678716659546      | 99     | 7351.300619633323        | 0.0009892557453552997   | 102      | 296      | 0        | 0         | ----     |
| QPS-Diagonale_Hd  | NLMSURF    | 5329   | 3.459998846054077      | 1289   | 38.96025539687748        | 0.000934414262871022    | 1297     | 3866     | 0        | 0         | ----     |
| QPS-Diagonale_Hd  | NOBNDTOR   | 5184   | 0.12507414817810059    | 37     | -0.4829566456980611      | 0.0008775599362177023   | 39       | 110      | 0        | 0         | ----     |
| QPS-Diagonale_Hd  | NONCVXU2   | 5000   | 9.07173228263855       | 3293   | 11585.316375213442       | 0.0009931297239078596   | 3300     | 9878     | 0        | 0         | ----     |
| QPS-Diagonale_Hd  | NONCVXUN   | 5000   | 13.517844915390015     | 5000   | 11607.40306189811        | 0.00825713363206848     | 5008     | 14999    | 0        | 0         | ----     |
| QPS-Diagonale_Hd  | NONDIA     | 5000   | 0.03242969512939453    | 19     | 3.0978375240133065e-20   | 5.872201658252017e-08   | 31       | 56       | 0        | 0         | ----     |
| QPS-Diagonale_Hd  | NONDQUAR   | 5000   | 0.1456615924835205     | 125    | 0.0005000105545300407    | 0.0009603052895440722   | 131      | 374      | 0        | 0         | ----     |
| QPS-Diagonale_Hd  | NONMSQRT   | 4900   | 177.8628602027893      | 5000   | 736.5257365391385        | 1.5985098351077411      | 5002     | 14999    | 0        | 0         | ----     |
| QPS-Diagonale_Hd  | NONSCOMP   | 5000   | 0.032268524169921875   | 22     | 6.404923380467694e-08    | 0.0007067422548251739   | 26       | 65       | 0        | 0         | ----     |
| QPS-Diagonale_Hd  | OBSTCLAE   | 9604   | 0.7195653915405273     | 113    | -0.018338541438535506    | 0.000867426848974678    | 115      | 338      | 0        | 0         | ----     |
| QPS-Diagonale_Hd  | OBSTCLAL   | 9604   | 0.7224938869476318     | 116    | -0.01852836222162374     | 0.0009853869601186612   | 118      | 347      | 0        | 0         | ----     |
| QPS-Diagonale_Hd  | OBSTCLBL   | 9604   | 0.4923253059387207     | 81     | -0.01838656119790129     | 0.0009590007931338362   | 83       | 242      | 0        | 0         | ----     |
| QPS-Diagonale_Hd  | OBSTCLBM   | 9604   | 0.6474854946136475     | 106    | -0.018726645301792723    | 0.0008517049642366107   | 108      | 317      | 0        | 0         | ----     |
| QPS-Diagonale_Hd  | OBSTCLBU   | 9604   | 0.6652045249938965     | 106    | -0.018579140264913738    | 0.0007773431558538001   | 108      | 317      | 0        | 0         | ----     |
| QPS-Diagonale_Hd  | ODC        | 4900   | 0.0016803741455078125  | 0      | 0.0                      | 0.0001983733386         | 1        | 1        | 0        | 0         | ----     |
| QPS-Diagonale_Hd  | ODNAMUR    | 11130  | 14.224992990493774     | 5000   | 8792.980460237208        | 0.3495807253897056      | 5008     | 14999    | 0        | 0         | ----     |
| QPS-Diagonale_Hd  | OSCIGRAD   | 100000 | 2.483513832092285      | 60     | 2.912115559819103e-14    | 0.00084968210246681     | 82       | 179      | 0        | 0         | ----     |
| QPS-Diagonale_Hd  | OSCIPATH   | 5000   | 0.00746917724609375    | 5      | 0.9999666655519595       | 0.000976614080050453    | 7        | 14       | 0        | 0         | ----     |
| QPS-Diagonale_Hd  | PENALTY1   | 1000   | 0.014333724975585938   | 28     | 0.009963420274299941     | 0.0004767471397361013   | 58       | 83       | 0        | 0         | ----     |
| QPS-Diagonale_Hd  | PENALTY2   | 1000   | 130.82881712913513     | 5000   | 7.035791819361949e+82    | 3.371808917302196e+71   | 1051300  | 10222    | 0        | 0         | ----     |
| QPS-Diagonale_Hd  | PENALTY3   | 1000   | 7782.417093038559      | 5000   | -0.029414183187483834    | 17.03270005973922       | 192069   | 12839    | 0        | 0         | ----     |
| QPS-Diagonale_Hd  | PENTDI     | 5000   | 0.013980388641357422   | 7      | -209.3396998214775       | 0.0008221184739527487   | 9        | 20       | 0        | 0         | ----     |
| QPS-Diagonale_Hd  | POWELLBC   | 1000   | 4.431665420532227      | 172    | 15.24819178097869        | 0.0009965815856482142   | 198      | 515      | 0        | 0         | ----     |
| QPS-Diagonale_Hd  | POWELLSG   | 5000   | 0.03609514236450195    | 31     | 0.005341018178065058     | 0.0009380774748010884   | 35       | 92       | 0        | 0         | ----     |
| QPS-Diagonale_Hd  | POWER      | 10000  | 0.4822423458099365     | 294    | 2.364930939965939e-06    | 0.0009606798514521155   | 328      | 881      | 0        | 0         | ----     |
| QPS-Diagonale_Hd  | PRICE3     | 2000   | 0.00237274169921875    | 7      | 2.1210089452349875e-16   | 1.2453409924641894e-07  | 12       | 20       | 0        | 0         | ----     |
| QPS-Diagonale_Hd  | PROBPENL   | 1000   | 0.002340078353881836   | 3      | 1.9979978849803208e-07   | 8.476786177116902e-08   | 14       | 8        | 0        | 0         | ----     |
| QPS-Diagonale_Hd  | QING       | 1000   | 0.07225179672241211    | 162    | 9.138005900160719e-09    | 0.000955716589140174    | 175      | 485      | 0        | 0         | ----     |
| QPS-Diagonale_Hd  | QRTQUAD    | 5000   | 5.856252193450928      | 5000   | -71040729218.9822        | 26496192.90254219       | 6319     | 14999    | 0        | 0         | ----     |
| QPS-Diagonale_Hd  | QUARTC     | 5000   | 0.032256364822387695   | 28     | 0.020583989754282675     | 0.00039218510806946004  | 55       | 83       | 0        | 0         | ----     |
| QPS-Diagonale_Hd  | SBRYBND    | 5000   | 15.214127540588379     | 5000   | 35058.1828986205         | 239357.9999010972       | 5029     | 14999    | 0        | 0         | ----     |
| QPS-Diagonale_Hd  | SCHMVETT   | 5000   | 0.09970474243164062    | 22     | -14993.999999883235      | 0.0007050114997351724   | 24       | 65       | 0        | 0         | ----     |
| QPS-Diagonale_Hd  | SCOSINE    | 5000   | 183.96937012672424     | 5000   | 148.57972493268804       | 583377207104.3046       | 450600   | 10268    | 0        | 0         | ----     |
| QPS-Diagonale_Hd  | SCURLY10   | 10000  | 14.881627082824707     | 5000   | -665629.093372591        | 3730618.8757498097      | 5081     | 14999    | 0        | 0         | ----     |
| QPS-Diagonale_Hd  | SCURLY20   | 10000  | 20.83194851875305      | 5000   | -681818.9126208636       | 8857935.395523997       | 5101     | 14999    | 0        | 0         | ----     |
| QPS-Diagonale_Hd  | SCURLY30   | 10000  | 26.828290224075317     | 5000   | -683556.1788767868       | 16055692.167960793      | 5094     | 14999    | 0        | 0         | ----     |
| QPS-Diagonale_Hd  | SENSORS    | 1000   | 24.585667371749878     | 30     | -204697.12499999997      | 0.000813461126429446    | 37       | 89       | 0        | 0         | ----     |
| QPS-Diagonale_Hd  | SINEALI    | 1000   | 0.018042564392089844   | 29     | -99900.96164870351       | 0.0006572762969470823   | 34       | 86       | 0        | 0         | ----     |
| QPS-Diagonale_Hd  | SINQUAD    | 5000   | 58.20525002479553      | 5000   | -6757013.7573359655      | 0.015801234020500488    | 149357   | 10032    | 0        | 0         | ----     |
| QPS-Diagonale_Hd  | SPARSINE   | 5000   | 18.819516897201538     | 5000   | 0.19118555436640375      | 0.5096216056933415      | 5011     | 14999    | 0        | 0         | ----     |
| QPS-Diagonale_Hd  | SPARSQUR   | 10000  | 0.13370108604431152    | 16     | 8.868139001865673e-05    | 0.0004999618677649501   | 26       | 47       | 0        | 0         | ----     |
| QPS-Diagonale_Hd  | SPIN2LS    | 1002   | 12.504812240600586     | 92     | 1.9558682516035247e-10   | 0.0008347100440803922   | 103      | 275      | 0        | 0         | ----     |
| QPS-Diagonale_Hd  | SPINLS     | 1327   | 8.384648323059082      | 5000   | 39.98493411651622        | 225814.52485641508      | 5031     | 14999    | 0        | 0         | ----     |
| QPS-Diagonale_Hd  | SROSENBR   | 5000   | 0.030161619186401367   | 23     | 3.327177524168223e-10    | 6.575710864709094e-07   | 30       | 68       | 0        | 0         | ----     |
| QPS-Diagonale_Hd  | SSBRYBND   | 5000   | 15.287968397140503     | 5000   | 2.7238774021797003e-07   | 0.01764644197518247     | 5038     | 14999    | 0        | 0         | ----     |
| QPS-Diagonale_Hd  | SSCOSINE   | 5000   | 13.222311973571777     | 5000   | -1507.044577405817       | 55560.61269426908       | 6398     | 14999    | 0        | 0         | ----     |
| QPS-Diagonale_Hd  | STRTCHDV   | 1000   | 0.017605066299438477   | 8      | 0.0006755553078107706    | 0.0009832260062080263   | 10       | 23       | 0        | 0         | ----     |
| QPS-Diagonale_Hd  | TESTQUAD   | 5000   | 1.1062564849853516     | 1129   | 8.854171843326257e-07    | 0.0008837243498869801   | 1143     | 3386     | 0        | 0         | ----     |
| QPS-Diagonale_Hd  | TOINTGSS   | 5000   | 0.0048177242279052734  | 2      | 10.002000799679799       | 1.2171625824205956e-08  | 4        | 5        | 0        | 0         | ----     |
| QPS-Diagonale_Hd  | TORSION1   | 5184   | 0.130753755569458      | 37     | -0.4829566456980611      | 0.0008775599362177023   | 39       | 110      | 0        | 0         | ----     |
| QPS-Diagonale_Hd  | TORSION3   | 5184   | 0.25019049644470215    | 71     | -1.9383039127693162      | 0.000523079543867988    | 73       | 212      | 0        | 0         | ----     |
| QPS-Diagonale_Hd  | TORSION4   | 5184   | 0.17621850967407227    | 50     | -1.9378203869596093      | 0.0009359986479909963   | 52       | 149      | 0        | 0         | ----     |
| QPS-Diagonale_Hd  | TORSION5   | 5184   | 0.24853515625          | 71     | -7.75328171040943        | 0.0006784923715970059   | 73       | 212      | 0        | 0         | ----     |
| QPS-Diagonale_Hd  | TORSION6   | 5184   | 0.20683073997497559    | 59     | -7.753077535044964       | 0.000978162548942914    | 61       | 176      | 0        | 0         | ----     |
| QPS-Diagonale_Hd  | TORSIONA   | 5184   | 0.13977408409118652    | 36     | -0.43896925253234        | 0.0001806176190223118   | 38       | 107      | 0        | 0         | ----     |
| QPS-Diagonale_Hd  | TORSIONC   | 5184   | 0.24754786491394043    | 64     | -1.7560987522126963      | 0.0008599654662921844   | 66       | 191      | 0        | 0         | ----     |
| QPS-Diagonale_Hd  | TORSIOND   | 5184   | 0.1969437599182129     | 51     | -1.7557058343937217      | 0.0008175484602337326   | 53       | 152      | 0        | 0         | ----     |
| QPS-Diagonale_Hd  | TORSIONE   | 5184   | 0.25480151176452637    | 66     | -7.024497430231187       | 0.0008734759038120333   | 68       | 197      | 0        | 0         | ----     |
| QPS-Diagonale_Hd  | TORSIONF   | 5184   | 0.23657894134521484    | 60     | -7.0243665746639685      | 0.0009152317942800097   | 62       | 179      | 0        | 0         | ----     |
| QPS-Diagonale_Hd  | TQUARTIC   | 5000   | 0.013892173767089844   | 8      | 4.2589216285238596e-13   | 0.00014792942181001916  | 20       | 23       | 0        | 0         | ----     |
| QPS-Diagonale_Hd  | TRIDIA     | 5000   | 0.7048275470733643     | 641    | 5.58640610584077e-09     | 0.0009378725699807525   | 649      | 1922     | 0        | 0         | ----     |
| QPS-Diagonale_Hd  | TRIGON1    | 1000   | 275.97239446640015     | 5000   | 0.0007720764725752757    | 0.3653994961809682      | 5012     | 14999    | 0        | 0         | ----     |
| QPS-Diagonale_Hd  | TRIGON2    | 1000   | 1.0966007709503174     | 852    | 650.1564868699372        | 0.0008236360727060799   | 865      | 2555     | 0        | 0         | ----     |
| QPS-Diagonale_Hd  | VANDANMSLS | 1002   | 0.003978729248046875   | 2      | 8.28537236112187         | 1.977447493895058e-08   | 4        | 5        | 0        | 0         | ----     |
| QPS-Diagonale_Hd  | VARDIM     | 1000   | 0.815183162689209      | 1935   | 9.484398289646967e-11    | 3.5862509424333666e-06  | 1993     | 5804     | 0        | 0         | ----     |
| QPS-Diagonale_Hd  | VAREIGVL   | 5000   | 0.15053820610046387    | 44     | 3.331751359347677e-05    | 0.0009718853948937775   | 47       | 131      | 0        | 0         | ----     |
| QPS-Diagonale_Hd  | WOODS      | 4000   | 0.10952353477478027    | 85     | 2.4592277605455575e-05   | 0.0007309638390519346   | 95       | 254      | 0        | 0         | ----     |
